Link,Price (€),Area (m²),Hab,Location
https://www.idealista.com/inmueble/90507275/,130000,108,2,"Can Raimí - Les Ginesteres - Can Cabot, Argentona"
https://www.idealista.com/inmueble/108661728/,189900,100,2,"Singuerlín, Santa Coloma de Gramenet"
https://www.idealista.com/inmueble/108753295/,210000,100,3,"Ciutat Meridiana - Torre Baró - Vallbona, Barcelona"
https://www.idealista.com/inmueble/106840192/,210000,171,5,Montcada i Reixac
https://www.idealista.com/inmueble/105747296/,210000,122,3,La Palma de Cervelló
https://www.idealista.com/inmueble/107443092/,215000,115,3,Corbera de Llobregat
https://www.idealista.com/inmueble/107946997/,230000,100,3,Mataró
https://www.idealista.com/inmueble/107634929/,239000,172,6,"Cerdanyola, Mataró"
https://www.idealista.com/inmueble/107789351/,250000,157,3,"Baix Llobregat Nord, Barcelona"
https://www.idealista.com/inmueble/98058417/,255000,148,3,"La Salut, Badalona"
https://www.idealista.com/inmueble/107107483/,255000,160,3,"Llefià - Sant Roc - Artigues, Badalona"
https://www.idealista.com/inmueble/107826226/,258000,82,4,Sant Boi de Llobregat
https://www.idealista.com/inmueble/107336149/,260000,158,4,"Cerdanyola, Mataró"
https://www.idealista.com/inmueble/108380759/,262000,158,3,"Cerdanyola, Mataró"
https://www.idealista.com/inmueble/107542550/,269000,155,3,"Baix Llobregat Sud, Barcelona"
https://www.idealista.com/inmueble/108991829/,270000,139,3,Vallirana
https://www.idealista.com/inmueble/108784433/,270000,180,4,"El Carmel, Barcelona"
https://www.idealista.com/inmueble/106494167/,272500,184,3,Torrelles de Llobregat
https://www.idealista.com/inmueble/108284204/,279000,120,4,Corbera de Llobregat
https://www.idealista.com/inmueble/108906505/,280000,139,4,"Baix Llobregat Nord, Barcelona"
https://www.idealista.com/inmueble/108966882/,280000,139,4,"Baix Llobregat Nord, Barcelona"
https://www.idealista.com/inmueble/107557594/,280000,135,3,Argentona
https://www.idealista.com/inmueble/102543584/,285000,144,3,Vallirana
https://www.idealista.com/inmueble/107766662/,285000,108,3,El Papiol
https://www.idealista.com/inmueble/102095002/,285000,115,4,"Vallès Oriental, Barcelona"
https://www.idealista.com/inmueble/108667579/,286335,97,3,Sant Vicenç Dels Horts
https://www.idealista.com/inmueble/106336688/,287000,135,4,"Riera Alta - Llatí, Santa Coloma de Gramenet"
https://www.idealista.com/inmueble/108646518/,290000,141,4,Martorelles
https://www.idealista.com/inmueble/108747762/,290000,141,3,Martorelles
https://www.idealista.com/inmueble/108669718/,290000,141,4,"Vallès Oriental, Barcelona"
https://www.idealista.com/inmueble/107932856/,290000,139,3,Santa Coloma de Gramenet
https://www.idealista.com/inmueble/94856751/,295000,102,2,Argentona
https://www.idealista.com/inmueble/108542251/,295000,91,2,"Vallès Oriental, Barcelona"
https://www.idealista.com/inmueble/108461593/,296000,155,4,Sant Andreu de la Barca
https://www.idealista.com/inmueble/108952863/,300000,115,4,"Ciutat Meridiana - Torre Baró - Vallbona, Barcelona"
